20 63
-1 2 3 4 5 6 7 8 9 10 11 12 13 14 15 16 17 18 19 20 0
1 -2 3 4 5 6 7 8 9 10 11 12 13 14 15 16 17 18 19 20 0
1 2 -3 4 5 6 7 8 9 10 11 12 13 14 15 16 17 18 19 20 0
1 2 3 -4 5 6 7 8 9 10 11 12 13 14 15 16 17 18 19 20 0
1 2 3 4 -5 6 7 8 9 10 11 12 13 14 15 16 17 18 19 20 0
1 2 3 4 5 -6 7 8 9 10 11 12 13 14 15 16 17 18 19 20 0
1 2 3 4 5 6 -7 8 9 10 11 12 13 14 15 16 17 18 19 20 0
1 2 3 4 5 6 7 -8 9 10 11 12 13 14 15 16 17 18 19 20 0
1 2 3 4 5 6 7 8 -9 10 11 12 13 14 15 16 17 18 19 20 0
1 2 3 4 5 6 7 8 9 -10 11 12 13 14 15 16 17 18 19 20 0
1 2 3 4 5 6 7 8 9 10 -11 12 13 14 15 16 17 18 19 20 0
1 2 3 4 5 6 7 8 9 10 11 -12 13 14 15 16 17 18 19 20 0
1 2 3 4 5 6 7 8 9 10 11 12 -13 14 15 16 17 18 19 20 0
1 2 3 4 5 6 7 8 9 10 11 12 13 -14 15 16 17 18 19 20 0
1 2 3 4 5 6 7 8 9 10 11 12 13 14 -15 16 17 18 19 20 0
1 2 3 4 5 6 7 8 9 10 11 12 13 14 15 -16 17 18 19 20 0
1 2 3 4 5 6 7 8 9 10 11 12 13 14 15 16 -17 18 19 20 0
1 2 3 4 5 6 7 8 9 10 11 12 13 14 15 16 17 -18 19 20 0
1 2 3 4 5 6 7 8 9 10 11 12 13 14 15 16 17 18 -19 20 0
1 2 3 4 5 6 7 8 9 10 11 12 13 14 15 16 17 18 19 -20 0
1 2 3 0
-1 2 3 0
1 -2 3 0
1 2 -3 0
-1 -2 3 0
-1 2 -3 0
1 -2 -3 0
-4 5 6 0
4 -5 6 0
4 5 -6 0
-4 -5 6 0
-4 5 -6 0
4 -5 -6 0
-4 -5 -6 0
7 8 9 0
-7 8 9 0
7 -8 9 0
-7 -8 9 0
-7 8 -9 0
7 -8 -9 0
-7 -8 -9 0
10 11 12 0
-10 11 12 0
10 -11 12 0
-10 -11 12 0
-10 11 -12 0
10 -11 -12 0
-10 -11 -12 0
13 14 15 0
-13 14 15 0
13 -14 15 0
13 14 -15 0
-13 -14 15 0
13 -14 -15 0
-13 -14 -15 0
16 17 18 0
-16 17 18 0
16 17 -18 0
-16 -17 18 0
-16 17 -18 0
16 -17 -18 0
-16 -17 -18 0
-1 4 7 10 -13 16 -19 0
